Date: 2023-07-04T13:47:15.582154. File name - moneyTransfersSecond.txt. Result -  Success!!!
Date: 2023-07-04T13:47:15.605449. File name - moneyTransfers.txt. Result -  Success!!!